T_ab: {0.5235987755982988, 0.5, 0.2}
T_ba: {-0.5235987755982988, -0.5330127018922194, 0.07679491924311221}
T_bc: {-0.7853981633974483, 0.3, -0.1}
T_cb: {0.7853981633974483, -0.282842712474619, -0.14142135623730945}
T_ac: {-0.26179938779914946, 0.8098076211353316, 0.2633974596215561}
T_ca: {0.26179938779914946, -0.7140418165986491, -0.4640160440463835}
p_a: (1.2, 0.8)
p_b: (0.906217782649107, 0.16961524227066338)
p_c: (0.23801393886621636, 0.6193074711078962)
v_b_hat: [0.8, 0.6]
v_a_hat: [0.3928203230275511, 0.9196152422706632]
v_c_hat: [0.14142135623730967, 0.9899494936611666]
